0.000000
0.000000
0.000000
0.000000
0.000000
0.000000
0.000000
0.000000
0.000000
0.000000
0.000000
0.000000
0.000000
0.000000
0.000000
0.000000
0.000000
0.000000
0.000000
0.000000
0.000000
0.000000
0.000000
0.000000
0.000000
0.000000
0.000000
0.000000
0.000000
0.000000
0.000000
0.000000
0.000000
0.000000
0.000000
0.000000
0.000000
0.000000
0.000000
0.000000
0.000000
0.000000
0.000000
0.000000
0.000000
0.000000
0.000000
0.000000
0.000000
0.000000
0.000000
0.000000
0.000000
0.000000
0.000000
0.000000
0.000000
0.000000
0.000000
0.000000
0.000000
0.000000
0.000000
0.000000
0.000000
0.000000
0.000000
0.000000
0.000000
0.000000
0.000000
0.000000
0.000000
0.000000
0.000000
0.000000
0.000000
0.000000
0.000000
0.000000
0.000000
0.000000
0.000000
0.000000
0.000000
0.000000
0.000000
0.000000
0.000000
0.000000
0.000000
0.000000
0.000000
0.000000
0.000000
0.000000
0.000000
0.000000
0.000000
0.001771
0.018477
0.038561
0.058645
0.078730
0.098814
0.118899
0.138983
0.159067
0.179152
0.199236
0.219320
0.239405
0.259489
0.279573
0.299658
0.319742
0.339826
0.359911
0.379995
0.400079
0.420164
0.440248
0.460332
0.480417
0.500501
0.520585
0.540670
0.560754
0.580838
0.600923
0.621007
0.641092
0.661176
0.681260
0.701345
0.721429
0.741513
0.761598
0.781682
0.801766
0.821851
0.841935
0.862019
0.882104
0.902188
0.922272
0.942357
0.962441
0.982525
1.002610
1.022694
1.042778
1.062863
1.082947
1.103032
1.123116
1.143200
1.163285
1.183369
1.203453
1.223538
1.243622
1.263706
1.283791
1.303875
1.323959
1.344044
1.364128
1.384212
1.404297
1.424381
1.444465
1.464550
1.484634
1.504718
1.524803
1.544887
1.564971
1.585056
1.605140
1.625225
1.645309
1.665393
1.685478
1.705562
1.725646
1.745731
1.765815
1.785899
1.805984
1.826068
1.846152
1.866237
1.886321
1.906405
1.926490
1.946574
1.966658
1.986743
2.006827
2.026911
2.046996
2.067080
2.087164
2.107249
2.127333
2.147418
2.167502
2.187586
2.207671
2.227755
2.247839
2.267924
2.288008
2.308092
2.328177
2.348261
2.368345
2.388430
2.408514
2.428598
2.448683
2.468767
2.488851
2.508936
2.529020
2.549104
2.569189
2.589273
2.609357
2.629442
2.649526
2.669611
2.689695
2.709779
2.729864
2.749948
2.770032
2.790117
2.810201
2.830285
2.850370
2.870454
2.890538
2.910623
2.930707
2.950791
2.970876
2.990960
3.011044
3.031129
3.051213
3.071297
3.091382
3.111466
3.131550
